0000000000000000000000000000000000000000000000000000000000000000
0000000000000000000000000000000000000000000000000000000000000000
0000000000000000000000000000000000000000000000000000000000000000
0000000000000000000000000000000000000000000000000000000000000000
0000000000000000000000000000000000000000000000000000000000000000
0000000000000000000000000000000000000000000000000000000000000000
0000000000000000000000000000000000000000000000000000000000000000
0000000000000000000000000000000000000000000000000000000000000000
0000000000000000000000000000000000000000000000000000000000000000
0000000000000000000000000000000000000000000000000000000000000000
0000000000000000000000000000000000000000000000000000000000000000
0000000000000000000000000000000000000000000000000000000000000000
0000000000000000000000000000000000000000000000000000000000000000
0000000000000000000000000000000000000000000000000000000000000000
0000000000000000000000000000000000000000000000000000000000000000
0000000000000000000000000000000000000000000000000000000000000000
0000000000000000000000000000000000000000000000000000000000000000
0000000000000000000000000000000000000000000000000000000000000000
0000000000000000000000000000000000000000000000000000000000000000
0000000000000000000000000000000000000000000000000000000000000000
0000000000000000000000000000000000000000000000000000000000000000
0000000000000000000000000000000000000000000000000000000000000000
0000000000000000000000000000000000000000000000000000000000000000
0000000000000000000000000000000000000000000000000000000000000000
0000000000000000000000000000000000000000000000000000000000000000
0000000000000000000000000000000000000000000000000000000000000000
0000000000000000000000000000000000000000000000000000000000000000
0000000000000000000000000000000000000000000000000000000000000000
0000000000000000000000000000000000000000000000000000000000000000
0000000000000000000000000000000000000000000000000000000000000000
0000000000000000000000000000000000000000000000000000000000000000
0000000000000000000000000000000000000000000000000000000000000000
0000000000000000000000000000000000000000000000000000000000000000
0000000000000000000000000000000000000000000000000000000000000000
0000000000000000000000000000000000000000000000000000000000000000
0000000000000000000000000000000000000000000000000000000000000000
0000000000000000001111111111111111111111111111100000000000000000
0000000000000000011111111111111111111111111111110000000000000000
0000000000000001101100000000001101100000000001101100000000000000
0000000000000110000110000000110000011000000011000011000000000000
0000000000011000000011000011000000000110000110000000110000000000
0000000001100000000001101100000000000001101100000000001100000000
0000000110000000000000111000000000000000111000000000000011000000
0000011111111111111111111111111111111111111111111111111111100000
0000001111111111111111111111111111111111111111111111111111000000
0000000011000000000000000000000000000000000000000000001100000000
0000000000110000000000000000000000000000000000000000110000000000
0000000000001100000000000000000000000000000000000011000000000000
0000000000000011000000000000000000000000000000001100000000000000
0000000000000000110000000000000000000000000000110000000000000000
0000000000000000001100000000000000000000000011000000000000000000
0000000000000000000011000000000000000000001100000000000000000000
0000000000000000000000110000000000000000110000000000000000000000
0000000000000000000000001100000000000011000000000000000000000000
0000000000000000000000000011000000001100000000000000000000000000
0000000000000000000000000000110000110000000000000000000000000000
0000000000000000000000000000001111000000000000000000000000000000
0000000000000000000000000000000000000000000000000000000000000000
0000000000000000000000000000000000000000000000000000000000000000
0000000000000000000000000000000000000000000000000000000000000000
0000000000000000000000000000000000000000000000000000000000000000
0000000000000000000000000000000000000000000000000000000000000000
0000000000000000000000000000000000000000000000000000000000000000
0000000000000000000000000000000000000000000000000000000000000000
0000000000000000000000000000000000000000000000000000000000000000
